D,0,D,30,100,10000,0,0 
D,2,d,20,280,5000,3,1 
d,4,A,15,220,20,1,2 
D,0,a,6,0,450,10,3 
d,0,d,3,100,2500,2,2 
D,4,A,10,10,1000,5,5 
w
D,2,a,5,160,6000,1,4 
W
d,12,D,30,20,8000,20,10 
p
d,3,d,25,130,320,1,1 
D,3,D,19,30,2050,1,2 
D,3,a,4,140,2900,4,4 
P
D,4,A,3,20,3000,18,2 
d,3,A,2,40,4300,2,8 
D,7,d,10,20,9000,2,6 
d,5,A,10,100,5500,9,0 
D,0,D,40,300,2000,4,9 
D,6,D,20,90,1500,8,0 
w
D,5,A,3,65,200,1,3 
D,4,a,2,230,8500,0,20 
d,0,D,18,310,5600,1,0 
D,2,D,25,200,1000,3,1 
D,10,D,35,100,2500,1,2 
P
d,0,d,40,30,9800,19,10 
d,3,D,10,20,300,4,3
D,4,d,29,250,4500,5,1 
D,9,A,12,300,40,10,1 
d,10,a,4,100,240,9,9 
D,15,A,3,170,4800,3,3 
d,7,A,15,90,8000,2,3 
D,8,A,6,90,8200,2,2 
D,7,A,2,130,3200,7,5 
P